# This file is generated from SRIM96 stopping power data
# Kinetic energy is calculated from velocity using mass = 72.56 amu
# eV    eV/Ang     # units metal
1.134918775692225  0.1714
4.538499266529958  0.3287
10.211642945703302  0.4813
18.154049322161423  0.6307
28.365653075824124  0.7779
40.84688531973966  0.9233
55.59684463524447  1.067
72.61598826447933  1.21
91.9301847081134  1.352
113.4918775692225  1.492
137.32157881663173  1.632
163.42046437777097  1.771
191.67814869944434  1.91
222.54652686315367  2.048
255.29107364258257  2.185
290.2821306268995  2.321
328.0037427119498  2.458
367.51615657683305  2.593
409.8186387276954  2.728
453.84992665299575  2.863
500.73105765670005  2.998
549.2863152665269  3.132
600.0850786862914  3.265
653.8198352023271  3.399
709.1429598976081  3.531
767.4530992643565  3.664
827.2975808402038  3.796
889.3885726209393  3.928
954.5519459090284  4.06
1021.1642945703303  4.192
1090.9101059352708  4.323
1162.0397606459503  4.454
1235.4199763927065  4.585
1312.019413269978  4.715
1389.9165434751217  4.845
1471.0946292052358  4.975
1553.5176886969355  5.105
1638.1822943965435  5.235
1726.2140056389885  5.364
1815.4049322161427  5.493
1908.0100667072704  5.622
2001.722350164991  5.751
2097.6811438275995  5.88
2197.139512240068  6.008
2297.619662783243  6.136
2401.662428874593  6.264
2506.657925865116  6.392
2613.9059434937444  6.52
2724.8023350974263  6.648
